0 0.78125 0.15144230769230768 0.056490384615384616 0.09254807692307693
0 0.8425480769230769 0.18629807692307693 0.03125 0.08653846153846154
0 0.7920673076923077 0.4831730769230769 0.10336538461538461 0.1971153846153846
0 0.7872596153846154 0.6682692307692307 0.0733173076923077 0.07451923076923077
0 0.7728365384615384 0.7776442307692307 0.038461538461538464 0.06129807692307692
0 0.8064903846153846 0.8629807692307693 0.025240384615384616 0.039663461538461536
0 0.8413461538461539 0.7944711538461539 0.027644230769230768 0.07211538461538461
0 0.8028846153846154 0.9435096153846154 0.10576923076923077 0.10817307692307693
0 0.7728365384615384 0.328125 0.02403846153846154 0.10817307692307693
0 0.7716346153846154 0.04326923076923077 0.03245192307692308 0.04326923076923077
0 0.8413461538461539 0.02283653846153846 0.028846153846153848 0.04567307692307692